999
407 393
827 855
673 994
24 196
349 11
61 999
316 45
409 39
361 74
195 12
197 625
423 652
46 313
834 411
220 19
74 935
983 238
5 42
424 821
711 15
56 228
119 424
969 41
565 109
3 2
355 643
327 271
833 518
909 151
26 373
737 612
838 535
440 242
211 85
728 183
235 127
314 6
694 328
706 365
117 529
431 369
200 113
120 102
709 378
119 379
67 7
401 263
7 263
226 40
702 695
433 319
570 255
39 549
266 277
115 5
146 169
193 463
9 973
85 155
44 37
775 159
343 800
11 8
201 170
466 162
378 640
402 457
835 584
137 208
528 510
115 392
742 787
501 457
580 213
363 265
727 738
123 390
909 970
58 571
408 807
681 581
113 590
409 671
415 205
349 385
792 583
100 295
748 643
308 655
295 598
206 146
422 210
61 92
151 12
339 109
629 314
853 815
258 185
608 577
425 4
759 89
157 516
679 257
15 7
868 776
49 51
684 37
816 304
245 285
297 408
548 442
873 147
179 127
138 432
79 27
243 506
364 665
620 289
205 350
762 900
194 275
630 245
967 189
641 613
96 24
876 74
76 62
845 712
8 87
180 174
619 678
519 212
415 819
94 60
880 939
335 762
202 647
21 2
333 464
145 113
860 634
604 95
686 773
190 109
631 33
281 103
375 536
116 396
138 110
278 360
483 353
141 185
440 796
522 67
867 680
65 154
682 24
617 286
76 338
234 79
63 11
269 428
275 972
159 531
45 583
135 152
128 71
842 306
5 7
181 644
4 1
753 672
202 436
309 55
336 8
442 404
9 669
832 891
61 334
564 88
922 389
77 57
467 473
633 46
58 42
538 504
70 13
443 672
950 233
19 31
960 90
875 662
231 115
89 73
437 197
906 18
440 556
124 331
485 555
75 621
593 466
56 110
890 259
938 189
511 302
369 558
147 16
383 447
382 4
613 157
304 282
133 594
176 115
441 992
616 204
50 964
40 45
470 248
649 803
370 289
958 377
152 225
123 766
374 89
224 713
817 6
36 84
902 891
698 721
993 222
611 664
358 724
311 600
515 827
890 975
912 521
331 801
332 198
176 194
548 612
181 286
143 204
419 573
668 260
784 854
676 382
584 206
338 760
72 42
264 446
723 764
177 269
359 375
797 521
119 215
743 203
95 653
3 73
536 976
2 80
34 348
3 166
654 722
889 10
96 472
90 171
227 61
500 244
184 715
187 7
513 275
621 639
895 758
675 594
287 300
751 422
47 68
121 123
426 732
145 150
758 171
78 290
536 836
71 362
667 478
6 81
518 234
326 247
727 120
982 589
78 71
422 439
977 975
271 284
25 20
358 221
18 59
239 563
884 769
973 990
31 291
41 785
987 933
471 509
80 113
352 403
770 932
143 26
428 808
382 651
957 128
829 797
663 581
634 757
465 107
161 482
5 8
92 146
460 367
324 171
117 504
240 211
699 296
707 273
251 749
127 149
736 171
619 222
761 424
369 372
674 986
1 2
300 328
226 380
350 371
389 65
199 885
112 289
37 646
23 236
213 189
201 903
605 255
572 320
168 161
367 58
37 162
32 90
839 31
6 36
793 244
443 320
366 693
488 503
886 610
112 376
393 255
533 480
192 246
184 303
29 12
34 476
122 554
218 110
809 58
530 56
588 82
32 305
506 858
364 50
165 848
551 561
212 176
215 233
953 687
214 479
3 18
963 512
54 686
121 15
10 4
82 260
856 171
532 371
32 956
140 96
499 24
210 119
507 66
412 66
219 805
157 100
896 6
26 2
791 503
404 280
69 248
1 456
537 304
342 35
9 229
63 223
184 182
112 297
731 415
267 542
59 931
50 42
64 207
232 207
435 502
567 176
74 333
806 755
589 441
901 211
262 266
242 75
89 517
346 985
37 30
48 148
883 661
182 288
761 979
966 748
183 310
821 871
52 3
915 984
546 716
194 494
741 635
959 104
3 39
558 632
637 85
312 83
88 126
93 614
214 923
768 915
634 720
864 80
148 763
859 134
905 715
491 139
45 247
137 487
475 814
9 41
668 843
381 190
364 426
327 788
544 345
26 308
512 341
472 680
46 177
260 434
484 670
479 710
105 417
597 411
761 907
59 475
131 15
804 649
48 216
75 430
981 243
742 6
423 467
341 242
46 31
275 480
541 473
267 171
56 28
745 14
377 120
420 268
449 39
316 611
4 725
683 403
653 892
955 392
651 660
302 39
815 321
752 998
783 527
176 562
76 756
197 41
617 857
941 418
278 423
105 67
7 20
508 521
255 692
802 503
296 10
289 359
794 209
406 356
16 642
488 222
568 257
203 88
34 11
996 22
10 489
698 420
897 744
591 747
253 844
10 23
790 874
23 469
85 649
239 405
109 75
257 120
9 2
395 92
238 225
54 10
662 560
830 679
337 340
388 110
73 107
188 345
574 43
276 478
729 205
28 780
957 961
636 696
522 606
29 125
342 575
897 910
582 440
395 899
183 265
410 847
424 557
311 688
61 695
158 115
718 490
2 19
507 828
75 366
320 149
378 240
48 62
947 187
100 106
183 162
114 397
213 666
3 13
260 591
134 5
130 122
278 206
980 62
717 67
202 129
477 404
100 5
778 62
58 601
139 120
127 68
198 276
48 520
57 49
106 262
71 103
159 57
124 352
774 571
16 323
997 606
634 549
33 129
618 13
648 589
547 56
411 650
86 84
931 974
380 636
183 344
767 689
185 540
61 160
485 124
270 453
908 937
894 688
448 384
299 771
383 18
607 111
457 861
165 193
321 30
481 373
575 936
291 635
312 318
607 911
227 750
881 440
401 543
239 317
593 952
271 67
498 194
74 726
490 253
299 658
452 298
136 354
795 117
920 730
71 222
46 224
492 27
691 76
108 351
110 198
862 211
545 388
173 91
739 509
28 10
4 12
988 531
928 180
409 523
356 826
172 131
27 719
378 596
60 292
129 230
346 279
877 602
15 427
951 36
622 464
219 61
505 201
916 29
779 601
40 15
263 782
8 192
458 626
132 879
480 995
299 95
841 57
15 786
49 35
10 97
101 89
112 444
61 31
949 487
268 131
118 368
765 673
687 369
32 29
112 569
659 621
137 38
283 138
64 49
850 781
170 144
150 156
893 859
293 219
301 510
113 119
1 27
495 869
962 958
256 261
289 752
109 164
824 108
349 754
654 218
35 98
751 908
209 75
301 299
22 7
918 648
314 776
648 823
3 484
228 280
214 178
435 257
58 418
740 707
55 23
178 566
30 28
411 355
495 178
8 603
616 989
142 96
688 865
161 610
755 137
357 213
789 820
33 83
451 24
919 130
773 870
369 790
6 75
356 197
244 88
243 126
40 410
256 139
335 158
173 259
799 167
270 84
419 624
123 279
24 116
71 6
174 33
685 139
432 656
57 111
81 135
501 770
434 627
849 703
54 535
882 673
746 506
468 382
595 354
66 12
550 38
944 102
526 165
239 130
550 822
159 221
886 930
122 182
194 940
738 781
316 744
943 296
429 53
236 421
609 302
284 398
207 577
346 414
249 108
149 945
88 461
245 154
164 674
629 887
399 245
673 273
167 137
879 880
615 325
628 127
253 61
310 872
942 939
697 508
730 319
635 689
163 86
260 402
527 108
102 32
33 458
35 15
108 96
917 437
585 163
279 391
289 329
241 493
890 913
192 623
254 445
518 832
315 69
535 813
274 194
863 406
163 416
249 991
13 17
524 206
280 515
580 840
282 225
898 642
729 837
178 21
459 391
174 772
270 924
288 592
118 16
789 700
519 703
904 897
433 579
926 232
397 933
322 72
60 43
7 657
153 124
38 161
109 701
818 187
298 297
712 118
700 435
92 104
307 206
67 88
914 196
421 971
273 186
287 186
708 198
522 925
205 77
199 136
810 8
99 48
38 93
217 93
1 6
733 524
255 194
251 235
434 539
85 16
948 151
114 57
69 175
546 1
34 48
546 705
851 106
921 734
7 14
161 602
968 159
734 265
450 285
12 24
47 2
30 43
866 466
254 812
117 132
628 677
783 965
419 9
72 798
638 31
644 768
58 74
165 66
340 387
158 514
88 117
497 343
43 578
690 227
59 661
846 754
31 38
524 954
678 704
365 66
559 141
831 238
929 462
97 551
328 441
125 191
603 888
272 217
38 144
118 124
496 302
586 714
186 70
181 73
1 188
237 7
343 202
735 38
17 82
369 179
330 36
560 304
122 106
114 769
71 91
239 325
66 189
308 534
195 587
95 25
4 5
474 454
371 552
825 77
438 135
645 640
586 191
337 25
